9
stk|user name|password|banlance|limit
100779262971|thichi2402|87162402|2977001000|595400192
496216493995|thichi2402|87162402|4612694000|2306347008
890783617119|thichi2402|87162402|6387098000|1277419648
186120149333|thichi2402|87162402|1021681000|510840512
461676372457|thichi2402|87162402|3676164000|1102849280
767113604671|thichi2402|87162402|6311767000|631176704
153580827605|thichi2402|87162402|8085351000|2425605376
437036139829|thichi2402|87162402|1630734000|652293568
743575362043|thichi2402|87162402|3575347000|715069376
