9
stk|user name|password|banlance|limit
185875459425|trongtho0712|36550712|4578581000|457858112
460421772640|trongtho0712|36550712|7124064000|2137219328
846798104674|trongtho0712|36550712|1897648000|189764800
150235337898|trongtho0712|36550712|3532051000|1412820352
436782659012|trongtho0712|36550712|6287634000|628763392
720348883236|trongtho0712|36550712|8843027000|3537211136
126697114450|trongtho0712|36550712|1796621000|359324224
401134348674|trongtho0712|36550712|3431104000|1715552000
797700669698|trongtho0712|36550712|6007797000|1201559424
