9
stk|user name|password|banlance|limit
197875445681|thaiynhi1810|54361810|4578791000|2289395456
481414779805|thaiynhi1810|54361810|7414184000|2224255232
887761102029|thaiynhi1810|54361810|1167788000|116778808
163208304243|thaiynhi1810|54361810|3802361000|380236128
458874637467|thaiynhi1810|54361810|6478854000|2591541760
854321869491|thaiynhi1810|54361810|8123458000|1624691584
148668193615|thaiynhi1810|54361810|1866841000|933420480
424235314839|thaiynhi1810|54361810|3532424000|706484800
738771648053|thaiynhi1810|54361810|6177837000|3088918528
