9
stk|user name|password|banlance|limit
199276034772|huuquang1112|96291112|672991000|269196384
595822358996|huuquang1112|96291112|3228595000|322859488
889189589110|huuquang1112|96291112|5981988000|2392795136
165636813334|huuquang1112|96291112|8636561000|1727312256
460275045558|huuquang1112|96291112|572064000|286032000
856541368582|huuquang1112|96291112|3145658000|629131648
132088590706|huuquang1112|96291112|5880231000|2940115456
446635723920|huuquang1112|96291112|7536644000|2260993280
722181255044|huuquang1112|96291112|2181227000|218122704
