9
stk|user name|password|banlance|limit
137717882480|quihao1103|63081103|8717731000|3487092480
533284316604|quihao1103|63081103|3482335000|696467008
828521547828|quihao1103|63081103|5125828000|2562914048
104178861942|quihao1103|63081103|8871401000|1774280320
408634093966|quihao1103|63081103|436804000|218402000
894983326180|quihao1103|63081103|3389498000|1016849472
178530538304|quihao1103|63081103|5035871000|2014348544
484097851529|quihao1103|63081103|8790484000|879048384
769543083743|quihao1103|63081103|345967000|138386800
