9
stk|user name|password|banlance|limit
196179840008|thihoa2004|29292004|8971691000|4485845504
570426172223|thihoa2004|29292004|1624075000|487222528
856063375447|thihoa2004|29292004|3360658000|1008197440
160539607471|thihoa2004|29292004|6935061000|693506112
446086830695|thihoa2004|29292004|8680644000|3472257536
831423352819|thihoa2004|29292004|3324138000|332413792
137992586033|thihoa2004|29292004|5299731000|2119892352
423438817257|thihoa2004|29292004|8834324000|1766864896
707085041471|thihoa2004|29292004|580707000|290353504
