9
stk|user name|password|banlance|limit
127276875616|ngocminh0111|58900111|8672721000|2601816320
433733289830|ngocminh0111|58900111|2337334000|934933632
817180410054|ngocminh0111|58900111|4081718000|816343616
194626744078|ngocminh0111|58900111|7626491000|3813245440
408193965292|ngocminh0111|58900111|9391804000|1878360960
784730299416|ngocminh0111|58900111|2037487000|1018743488
178086421630|ngocminh0111|58900111|4680871000|1404261376
474553744854|ngocminh0111|58900111|7355474000|3677736960
750092976088|ngocminh0111|58900111|9290057000|2787017216
