8
stk|user name|password|banlance|limit
027142694267|trongchien0412|97180412|6241720000|3120859904
404489818481|trongchien0412|97180412|8984404000|1796880768
718935049605|trongchien0412|97180412|539817000|269908512
094402373629|trongchien0412|97180412|3204490000|961347008
388049794844|trongchien0412|97180412|7940883000|3970441472
784396028068|trongchien0412|97180412|693487000|208046096
068852250282|trongchien0412|97180412|2258860000|225886000
355401583406|trongchien0412|97180412|5104553000|2041821184
