9
stk|user name|password|banlance|limit
147433613827|thihanh0906|55730906|6334741000|1266948224
421980844941|thihanh0906|55730906|8089124000|4044561920
817226158165|thihanh0906|55730906|1622718000|162271792
112893379189|thihanh0906|55730906|3398211000|1019463360
498340603303|thihanh0906|55730906|6043894000|604389376
784889835527|thihanh0906|55730906|8988487000|3595394816
188235158741|thihanh0906|55730906|1532881000|153288112
474792380966|thihanh0906|55730906|3297474000|1318989696
758249613190|thihanh0906|55730906|6942857000|1388571520
