9
stk|user name|password|banlance|limit
142383961369|dachai2208|87232208|9383241000|1876648192
456939293583|dachai2208|87232208|2939654000|1469826944
833476426707|dachai2208|87232208|4674338000|1402301440
127743758921|dachai2208|87232208|7347721000|734772160
403299972045|dachai2208|87232208|9992304000|2997691136
709836403069|dachai2208|87232208|4638907000|463890688
193105637283|dachai2208|87232208|6501391000|2600556288
479642858408|dachai2208|87232208|8246974000|824697408
784298182622|dachai2208|87232208|1892487000|756994816
