9
stk|user name|password|banlance|limit
150788464682|huuthanh1912|49451912|4887051000|977410176
444225766706|huuthanh1912|49451912|7522444000|1504488832
841672990920|huuthanh1912|49451912|9276148000|4638073856
137138221144|huuthanh1912|49451912|2831731000|849519296
411685455368|huuthanh1912|49451912|4586114000|458611424
717232776582|huuthanh1912|49451912|7232717000|2169815040
101599900506|huuthanh1912|49451912|9995101000|999510144
487045132720|huuthanh1912|49451912|1540784000|616313600
792584455944|huuthanh1912|49451912|4485297000|448529728
