9
stk|user name|password|banlance|limit
109971665199|ngoctrong2301|16732301|6179901000|1235980160
485528888313|ngoctrong2301|16732301|8825584000|3530233600
879885110537|ngoctrong2301|16732301|1588978000|317795616
175331344751|ngoctrong2301|16732301|3133571000|1566785536
459970665785|ngoctrong2301|16732301|6079954000|1215990784
745447099809|ngoctrong2301|16732301|744547000|372273504
140794300023|ngoctrong2301|16732301|3497041000|349704096
436330534247|ngoctrong2301|16732301|5033634000|2013453568
710807856461|ngoctrong2301|16732301|8708017000|870801728
