9
stk|user name|password|banlance|limit
199128290200|trongkhan0906|30300906|2821991000|1410995456
483787524424|trongkhan0906|30300906|5787384000|1736215168
889033756648|trongkhan0906|30300906|7330988000|733098816
173580279862|trongkhan0906|30300906|2085371000|625611328
459147403097|trongkhan0906|30300906|4741954000|474195424
753694734011|trongkhan0906|30300906|7496357000|2998542848
140930968235|trongkhan0906|30300906|9039041000|1807808128
424587260459|trongkhan0906|30300906|2785424000|557084800
730054493673|trongkhan0906|30300906|4450037000|2225018624
