9
stk|user name|password|banlance|limit
114472040625|thiai2108|02882108|274411000|137205504
418919564849|thiai2108|02882108|5919814000|1183962880
804288796763|thiai2108|02882108|7882408000|3941203968
181824929987|thiai2108|02882108|9428181000|2828454400
495371251102|thiai2108|02882108|2173594000|217359408
871648474326|thiai2108|02882108|4846178000|1453853440
155285706540|thiai2108|02882108|7582551000|758255104
461731930574|thiai2108|02882108|9137164000|3654865664
745298231798|thiai2108|02882108|2892547000|1157018880
