9
stk|user name|password|banlance|limit
159416699272|ducquan0708|57050708|6614951000|3307475456
445952811286|ducquan0708|57050708|8259544000|1651908864
849329144300|ducquan0708|57050708|1923948000|961974016
135866376524|ducquan0708|57050708|3668531000|1100559360
419313600748|ducquan0708|57050708|6313914000|631391424
815979821962|ducquan0708|57050708|8979518000|2693855744
102226155986|ducquan0708|57050708|1622201000|162220096
486773366101|ducquan0708|57050708|3377684000|675536832
792339690325|ducquan0708|57050708|6933297000|3466648576
