9
stk|user name|password|banlance|limit
172759431037|dinhthu2402|99122402|4957271000|1982908416
478226763251|dinhthu2402|99122402|7622874000|1524574848
862662996375|dinhthu2402|99122402|9266268000|4633134080
148111228309|dinhthu2402|99122402|2111841000|633552320
454678441523|dinhthu2402|99122402|4876454000|2438226944
839225773747|dinhthu2402|99122402|7522938000|2256881408
125561986961|dinhthu2402|99122402|9165521000|3666208512
429038108185|dinhthu2402|99122402|1830924000|183092400
705685432109|dinhthu2402|99122402|4586507000|1834602752
