9
stk|user name|password|banlance|limit
122326407154|quanghuy1207|34301207|4623221000|462322144
408883730178|quanghuy1207|34301207|7388804000|2955521792
882130962392|quanghuy1207|34301207|9031288000|1806257536
198777285516|quanghuy1207|34301207|2777891000|1111156480
472243417730|quanghuy1207|34301207|4342274000|868454848
769780621954|quanghuy1207|34301207|6087967000|1826390272
163037142088|quanghuy1207|34301207|1730361000|865180480
449606376002|quanghuy1207|34301207|3606944000|1082083200
735142607226|quanghuy1207|34301207|6241537000|624153728
